-1.199420,-4.246692,-5.434525--------252.682938,0.000000,177.713425
-1.199420,-4.246692,-3.288613--------143.384155,0.000000,177.713425
-1.199420,-4.246692,-1.142700--------34.085365,0.000000,177.713425
-1.199420,-4.246692,1.003811-------75.243904,0.000000,177.713425
-1.199420,-4.246692,2.996487-------176.737808,0.000000,177.713425
-1.199420,-4.246692,5.142400-------286.036591,0.000000,177.713425
-1.199420,-4.246692,7.135076-------387.530487,0.000000,177.713425
-1.199420,-4.246692,9.127751-------489.024414,0.000000,177.713425
-1.19771425
-1.199420,-4.246692,18.286039-------955.487854,7.804878,177.713425
-1.199420,-4.246692,-18.796648--------933.262207,7.804878,177.713425
-1.199420,-4.246692,-16.497498--------816.158569,7.804878,177.713425
-1.199420,-4.246692,-14.198349--------699.054871,7.804878,177.713425
-1.199420,-4.246692,-12.052436--------589.756104,7.804878,177.713425
-1.199420,-4.246692,-9.906524--------480.457336,7.804878,177.713425
-1.199420,-4.246692,-7.760611--------371.158539,7.804878,177.713425
-1.199420,-4.246692,-5.614698--------261.859772,7.804878,177.713425
-1.199420,-4.246692,-3.468786--------152.560974,7.804878,177.713425
-1.199420,-4.246692,-1.322873--------43.262196,7.804878,177.713425
-1.199420,-4.246692,0.823638-------66.067078,7.804878,177.713425
-1.199420,-4.246692,2.816314-------167.560974,7.804878,177.713425
-1.199420,-4.246692,4.962227-------276.859772,7.804878,177.713425
-1.199420,-4.246692,7.108139-------386.158539,7.804878,177.713425
-1.199420,-4.246692,9.254052-------495.457336,7.804878,177.713425
-1.199420,-4.246692,11.399964-------604.756104,7.804878,177.713425
-1.199420,-4.246692,13.545877-------714.054871,7.804878,177.713425
-1.199420,-4.246692,15.691790-------823.353699,7.804878,177.713425
-1.199420,-4.246692,17.837702-------932.652466,7.804878,177.713425
-1.199420,-4.246692,-19.244984--------956.097595,7.804878,177.713425
-1.199420,-4.246692,-16.945835--------838.993896,7.804878,177.713425
-1.199420,-4.246692,-14.646686--------721.890259,7.804878,177.713425
-1.199420,-4.246692,-12.500773--------612.591492,7.804878,177.713425
-1.199420,-4.246692,-10.201624--------495.487823,7.804878,177.713425
-1.199420,-4.246692,-7.902474--------378.384155,7.804878,177.713425
-1.199420,-4.246692,-5.756562--------269.085358,7.804878,177.713425
-1.199420,-4.246692,-3.610649--------159.786591,7.804878,177.713425
-1.199420,-4.246692,-1.464737--------50.487804,7.804878,177.713425
-1.199420,-4.246692,0.681775-------58.841465,7.804878,177.713425
-1.199420,-4.246692,2.674451-------160.335373,7.804878,177.713425
-1.199420,-4.246692,4.820363-------269.634155,7.804878,177.713425
-1.199420,-4.246692,6.966276-------378.932922,7.804878,177.713425
-1.199420,-4.246692,9.112188-------488.231720,7.804878,177.713425
-1.199420,-4.246692,11.258101-------597.530518,7.804878,177.713425
-1.199420,-4.246692,13.404014-------706.829285,7.804878,177.713425
-1.199420,-4.246692,15.549927-------816.128052,7.804878,177.713425
-1.199420,-4.246692,17.695839-------925.426880,7.804878,177.713425
-1.199420,-4.246692,-19.386848--------963.323181,7.804878,177.713425
-1.199420,-4.246692,-17.087700--------846.219543,7.804878,177.713425
-1.199420,-4.246692,-14.788549--------729.115845,7.804878,177.713425
-1.199420,-4.246692,-12.489400--------612.012207,7.804878,177.713425
-1.199420,-4.246692,-10.190251--------494.908539,7.804878,177.713425
-1.199420,-4.246692,-7.891102--------377.804901,7.804878,177.713425
-1.199420,-4.246692,-5.745189--------268.506104,7.804878,177.713425
-1.199420,-4.246692,-3.599276--------159.207321,7.804878,177.713425
-1.199420,-4.246692,-1.453364--------49.908539,7.804878,177.713425
-1.199420,-4.246692,0.693148-------59.420734,7.804878,177.713425
-1.199420,-4.246692,2.685824-------160.914642,7.804878,177.713425
-1.199420,-4.246692,4.831737-------270.213409,7.804878,177.713425
-1.199420,-4.246692,6.977649-------379.512207,7.804878,177.713425
20
30
40
50
0
10
20
30
40
50
0
10
2030
40
50
0
10
20
30
40
50
0
10
20
30
40
50
0
10
20
30
40
50
0
10
20
30
40
50
0
10
20
30
40
50
0
10
20
30
40
50
0
10
20
30
40
50
0
10
20
30
40
50
0
10
20
30
40
50
0
10
20
30
40
50
0
10
20
30
40
50
0
10
20
30
40
50
0
10
20
30
40
50
0
10
20
30
40
50
0
10
20
30
40
50
0
10
20
30
40
50
0
10
20
30
40
50
0
10
20
30
40
50
0
10
20
30
40
50
0
10
20
30
40
50
0
10
20
30
40
50
0
10
20
30
40
50
0
10
20
30
40
50
0
10
20
30
40
50
0
10
20
30
40
50
0
10
20
30
40
50
0
10
20
30
40
50
0
10
20
30
40
50
0
10
20
30
40
50
0
10
20
30
40
50
0
10
20
30
40
50
0
10
20
30
40
50
0
10
20
30
40
50
0
10
20
30
40
50
0
10
20
30
40
50
0
10
20
30
40
50
0
10
20
30
40
50
0
10
20
30
40
50
0
10
20
30
40
50
0
10
20
30
40
50
0
10
20
30
40
50
0
10
20
30
40
50
0
10
20
30
40
50
0
10
20
30
40
50
0
10
20
30
40
50
0
10
20
30
40
50
0
10
20
30
40
50
0
10
20
30
40
50
0
10
20
30
40
50
0
10
20
30
40
50
0
10
20
30
40
50
0
10
20
30
40
50
0
10
20
30
40
50
0
10
20
30
40
50
0
10
20
30
40
50
0
10
20
30
40
50
0
10
20
30
40
50
0
10
20
30
40
50
0
10
20
30
40
50
0
10
20
30
40
50
0
10
20
30
40
50
0
10
20
30
40
50
0
10
20
30
40
50
0
10
20
30
40
50
0
10
20
30
40
50
0
10
20
30
40
50
0
10
20
30
40
50
0
10
20
30
40
50
0
10
20
30
40
50
0
10
20
30
40
50
0
10
20
30
40
50
0
10
20
30
40
50
0
10
20
30
450
0
10
20
30
40
50
0
10
20
30
40
50
0
10
20
30
40
50
0
10
20
30
40
50
0
10
20
30
40
50
0
10
20
30
40
50
0
10
20
30
40
50
0
10
20
30
40
50
0
10
20
30
40
50
0
10
20
30
40
50
0
10
20
30
40
50
0
10
20
30
40
50
0
10
20
30
40
50
0
10
20
30
40
50
0
10
20
30
40
50
0
10
20
30
40
50
0
10
20
30
40
50
0
10
20
30
40
50
0
10
20
30
40
50
0
10
20
30
40
50
0
10
20
30
40
50
0
10
20
30
40
50
0
10
20
30
40
50
0
10
20
30
40
50
0
10
20
30
40
50
0
10
20
30
40
50
0
10
20
30
40
50
0
10
20
30
40
50
0
10
20
30
40
50
0
10
20
30
40
50
0
10
20
30
40
50
0
10
20
30
40
50
0
10
20
30
40
50
0
10
20
30
40
50
0
10
20
30
40
50
0
10
20
30
40
50
0
10
20
30
40
50
0
10
20
30
40
50
0
10
20
30
40
50
0
10
20
30
40
50
0
10
20
30
40
50
0
10
20
30
40
50
0
10
20
30
40
50
0
10
20
30
40
50
0
10
20
30
40
50
0
10
20
30
40
50
0
10
20
30
40
50
0
10
20
30
40
50
0
10
20
30
40
50
0
10
20
30
40
50
0
10
20
30
40
50
0
10
20
30
40
